A = [0.000000	-1.091464	0.782432	4.698734	-0.087009
0.020000	-0.664108	0.641302	4.681196	-0.072870
0.040000	-0.311717	0.554929	4.671640	-0.060968
0.060000	-0.084385	0.495040	4.667891	-0.050512
0.080000	0.042976	0.457255	4.667580	-0.040994
0.100000	0.153951	0.405199	4.669485	-0.032316
0.120000	0.365863	0.312987	4.674406	-0.025074
0.140000	0.789451	0.209209	4.685579	-0.019876
0.160000	1.370328	0.142282	4.707083	-0.016453
0.180000	1.918877	0.118598	4.740152	-0.013893
0.200000	2.287705	0.107093	4.782701	-0.011635
0.220000	2.079864	0.097008	4.827902	-0.009611
0.240000	0.768438	0.132792	4.858206	-0.007459
0.260000	-0.769585	0.232913	4.856871	-0.003782
0.280000	-1.229889	0.228272	4.835257	0.001068
0.300000	-1.195503	0.174028	4.810806	0.004997
0.320000	-1.105779	0.224120	4.787701	0.008766
0.340000	-0.924562	0.406307	4.767189	0.014832
0.360000	-0.541249	0.770551	4.752039	0.026220
0.380000	0.188119	1.380254	4.747902	0.047318
0.400000	1.132777	2.135619	4.761070	0.082472
0.420000	1.895613	2.678458	4.791931	0.131302
0.440000	2.182877	2.683224	4.833864	0.186022
0.460000	1.092443	1.834905	4.870327	0.232981
0.480000	-1.387524	0.500110	4.866367	0.255440
0.500000	-2.093281	0.159613	4.828257	0.260250
0.520000	-0.578996	1.357365	4.796835	0.271450
0.540000	2.188844	3.794624	4.815405	0.325270
0.560000	2.689946	3.810321	4.867405	0.405127
0.580000	2.123625	2.186669	4.916134	0.466747
0.600000	1.721032	0.714976	4.953661	0.493937
0.620000	1.829025	0.090759	4.988626	0.501206
0.640000	1.514865	0.394879	5.024014	0.503411
0.660000	1.101250	0.812552	5.048794	0.517260
0.680000	1.076920	0.833667	5.070448	0.533583
0.700000	1.142426	1.014960	5.092421	0.551727
0.720000	1.376486	1.400712	5.117311	0.575558
0.740000	1.619961	1.837456	5.147650	0.608143
0.760000	1.192204	1.956598	5.177748	0.646927
0.780000	-0.329025	1.434447	5.187057	0.682179
0.800000	-0.746982	-0.099893	5.172791	0.697315
0.820000	-0.241236	-1.891353	5.163786	0.676476
0.840000	-0.311492	-3.016851	5.158278	0.625975
0.860000	-0.042923	-3.321874	5.154106	0.561550
0.880000	0.358891	-3.170687	5.157446	0.495983
0.900000	0.382489	-2.164836	5.166019	0.439825
0.920000	-0.711695	0.652195	5.165051	0.424303
0.940000	-2.223336	0.912553	5.133852	0.444588
0.960000	-2.321964	0.333375	5.086664	0.456415
0.980000	-1.661095	0.312978	5.045900	0.462019
1.000000	-0.478397	0.254743	5.023294	0.468903
1.020000	2.023363	-0.985481	5.036476	0.463448
1.040000	3.536138	-1.958336	5.096760	0.431755
1.060000	3.018930	-1.109185	5.164148	0.397217
1.080000	2.224961	1.123724	5.215933	0.397684
1.100000	1.941051	2.015143	5.256872	0.432089
1.120000	1.882357	1.605769	5.294996	0.469561
1.140000	1.791021	0.938468	5.331961	0.494713
1.160000	1.409220	0.577382	5.364744	0.509323
1.180000	0.327159	0.421092	5.383663	0.519146
1.200000	-1.656850	0.310725	5.371380	0.526480
1.220000	-3.127248	0.130867	5.321020	0.531058
1.240000	-3.208413	-0.121850	5.255964	0.531223
1.260000	-2.750108	-0.310075	5.196152	0.526524
1.280000	-2.304870	0.107571	5.145691	0.522717
1.300000	-1.843306	1.640824	5.104237	0.539202
1.320000	-1.546565	2.135775	5.070761	0.580918
1.340000	-1.536593	0.732027	5.040487	0.611031
1.360000	-1.980518	-0.588864	5.006374	0.611689
1.380000	-2.976147	-1.518500	4.957132	0.589756
1.400000	-3.450229	-1.941178	4.890923	0.554569
1.420000	-2.784928	-2.187958	4.827108	0.513159
1.440000	-1.723804	-2.328432	4.782019	0.467755
1.460000	-0.850570	-2.309209	4.756870	0.421065
1.480000	-0.464217	-2.002577	4.744686	0.377289
1.500000	-0.549176	-1.375321	4.735088	0.343334
1.520000	-0.750608	-0.836567	4.721981	0.321587
1.540000	-0.837187	-0.539297	4.705896	0.308199
1.560000	-0.837046	-0.374326	4.689068	0.299128
1.580000	-0.807873	-0.180639	4.672600	0.293442
1.600000	-0.760717	0.104630	4.656847	0.292540
1.620000	-0.618549	0.440403	4.642801	0.297970
1.640000	-0.328527	0.784499	4.633093	0.310217
1.660000	0.062823	1.052266	4.630388	0.328892
1.680000	0.349050	0.910621	4.634916	0.349646
1.700000	0.325823	-0.041234	4.642176	0.359614
1.720000	0.230746	-1.038385	4.647411	0.347494
1.740000	0.464296	-0.875412	4.653732	0.326306
1.760000	0.947035	0.155325	4.667740	0.318293
1.780000	1.206525	1.501322	4.690102	0.334412
1.800000	0.838275	2.927139	4.711622	0.379095
1.820000	0.235781	3.757246	4.721994	0.447485
1.840000	-0.044529	3.494133	4.723438	0.521961
1.860000	-0.065354	2.443375	4.721785	0.581574
1.880000	0.229160	1.915795	4.723219	0.623726
1.900000	-0.103452	1.943742	4.726980	0.661915
1.920000	-1.613466	2.188047	4.709639	0.702841
1.940000	-1.620547	2.580909	4.674179	0.750462
1.960000	-0.974712	2.883095	4.648886	0.805470
1.980000	-0.847627	2.956459	4.631388	0.864180
2.000000	-0.965270	2.915410	4.613422	0.923014
2.020000	-1.148507	2.773125	4.592354	0.980183
2.040000	-1.337744	2.340408	4.567421	1.031992
2.060000	-1.466648	1.460411	4.539337	1.070759
2.080000	-1.788098	0.254368	4.507301	1.088255
2.100000	-1.712420	-1.097415	4.470684	1.079722
2.120000	-1.041044	-1.922881	4.442822	1.048092
2.140000	-0.294335	-2.010117	4.429432	1.007818
2.160000	0.390318	-1.564301	4.430798	0.971043
2.180000	0.274077	-0.320590	4.439768	0.950733
2.200000	-0.906864	1.189014	4.433887	0.960386
2.220000	-1.837909	1.682143	4.405941	0.990940
2.240000	-2.713696	1.464649	4.360384	1.022883
2.260000	-3.331932	1.262910	4.299242	1.049814
2.280000	-3.603893	1.264980	4.229441	1.074778
2.300000	-3.693382	1.457378	4.156275	1.101643
2.320000	-3.256942	1.862035	4.084883	1.134449
2.340000	-1.267841	2.634954	4.036785	1.178850
2.360000	1.173905	2.894487	4.037287	1.236368
2.380000	2.631043	2.187483	4.076723	1.287754
2.400000	3.417690	1.639512	4.138168	1.325211
2.420000	3.563045	1.501135	4.209450	1.356293
2.440000	2.572092	1.263064	4.272881	1.384474
2.460000	0.830152	0.795875	4.306944	1.405106
2.480000	-0.364447	0.504835	4.310163	1.417643
2.500000	-0.845042	0.387995	4.297222	1.426529
2.520000	-1.079853	0.095192	4.277969	1.432001
2.540000	-1.354858	-0.676828	4.253660	1.426941
2.560000	-1.454722	-1.469606	4.224895	1.404656
2.580000	-1.104597	-1.268092	4.198624	1.374748
2.600000	-0.503505	0.645024	4.182362	1.366316
2.620000	0.044836	2.052902	4.178150	1.396315
2.640000	0.388919	2.130413	4.182606	1.439570
2.660000	1.060969	1.035499	4.195826	1.474171
2.680000	2.082301	-1.248549	4.228336	1.471333
2.700000	1.409809	-1.369362	4.267546	1.439404
2.720000	-1.782028	2.159991	4.265247	1.444510
2.740000	-3.066508	3.518486	4.212399	1.506594
2.760000	-2.998518	3.350747	4.150915	1.575987
2.780000	-2.497950	3.090210	4.095087	1.640112
2.800000	-1.378532	3.230294	4.055407	1.702398
2.820000	-0.443635	3.449690	4.038780	1.770111
2.840000	-0.533997	3.051073	4.030401	1.835983
2.860000	-1.241414	2.097872	4.013502	1.888523
2.880000	-2.194312	0.821483	3.978790	1.917389
2.900000	-2.429224	0.075025	3.930754	1.925402
2.920000	-1.484417	-0.501605	3.889574	1.921456
2.940000	0.145735	-1.103535	3.876448	1.904770
2.960000	1.052258	-0.938826	3.889912	1.882780
2.980000	1.366804	-0.125807	3.914738	1.871639
3.000000	1.386331	0.643665	3.942570	1.877335
3.020000	1.294585	1.045270	3.969521	1.894892
3.040000	1.064096	0.980176	3.993469	1.916111
3.060000	0.555383	0.224811	4.010149	1.929382
3.080000	-0.034498	-0.900604	4.015045	1.922386
3.100000	-0.307866	-1.546132	4.011076	1.896799
3.120000	-0.396072	-1.518714	4.003962	1.865057
3.140000	-0.531089	-0.976896	3.994896	1.839586
3.160000	-0.817787	-0.437442	3.981668	1.825892
3.180000	-1.158136	-0.195200	3.961704	1.819960
3.200000	-1.037184	-0.006913	3.938398	1.817722
3.220000	0.093711	0.392254	3.927279	1.821245
3.240000	1.419508	0.730325	3.943600	1.832989
3.260000	1.710838	0.688232	3.976862	1.847885
3.280000	0.489360	0.178851	4.002407	1.857411
3.300000	-2.626200	-0.662695	3.981651	1.852512
3.320000	-4.035200	-1.118651	3.910872	1.833784
3.340000	-3.633908	-1.076661	3.831890	1.811051
3.360000	-1.942633	-0.644371	3.774467	1.793491
3.380000	-0.403096	-0.344072	3.752981	1.784220
